Use this table to estimate the effect of glossy lamination on offset prints.

The correction is valid for prints with a 150-200 lpi screen on coated paper.
Add the given DELTA_L/A/B values to your measurements on unlaminated prints.
Make sure that the CMYK sequence of your measurements matches this table.
Data are based on the work of the ECI, see documentation and www.eci.org.
This file is provided "AS IS", without warranties and liabilities of any kind.

ID	CMYK_C	CMYK_M	CMYK_Y	CMYK_K	DELTA_L	DELTA_A	DELTA_B
1	0	0	0	0	-1.01	0.02	0.34
2	0	10	0	0	-2.97	2.75	-0.17
3	0	20	0	0	-4.46	5.06	-0.28
4	0	30	0	0	-5.7	7.11	-0.17
5	0	40	0	0	-5.75	7.84	0.22
6	0	55	0	0	-5.46	8.33	0.97
7	0	70	0	0	-4.55	7.69	1.39
8	0	85	0	0	-2.23	4.15	1.48
9	0	100	0	0	-0.68	1.66	1.27
10	10	0	0	0	-2.64	-1.28	-1.75
11	10	10	0	0	-4.21	1.01	-2
12	10	20	0	0	-5.33	3.21	-1.84
13	10	30	0	0	-6.52	5.09	-1.79
14	10	40	0	0	-6.36	5.85	-1.18
15	10	55	0	0	-5.98	6.17	-0.68
16	10	70	0	0	-5.05	5.81	-0.11
17	10	85	0	0	-2.9	2.71	0.04
18	10	100	0	0	-1.42	0.57	-0.06
19	20	0	0	0	-3.71	-2.54	-3.13
20	20	10	0	0	-5.11	-0.11	-3.38
21	20	20	0	0	-6.02	1.72	-3.11
22	20	30	0	0	-6.91	3.57	-2.87
23	20	40	0	0	-6.65	4.08	-2.34
24	20	55	0	0	-6.25	4.56	-1.65
25	20	70	0	0	-5.34	4.31	-1.14
26	20	85	0	0	-3.24	1.57	-0.76
27	20	100	0	0	-1.85	-0.2	-0.82
28	30	0	0	0	-4.95	-3.34	-4.72
29	30	10	0	0	-5.83	-1.57	-4.4
30	30	20	0	0	-6.56	0.14	-4.02
31	30	30	0	0	-7.24	1.88	-3.95
32	30	40	0	0	-7.07	2.31	-3.36
33	30	55	0	0	-6.56	3	-2.75
34	30	70	0	0	-5.58	2.85	-2.16
35	30	85	0	0	-3.63	0.38	-1.85
36	30	100	0	0	-2.35	-1.1	-1.78
37	40	0	0	0	-4.77	-3.82	-4.48
38	40	10	0	0	-5.69	-1.9	-4.39
39	40	20	0	0	-6.28	-0.44	-4.23
40	40	30	0	0	-6.81	1.18	-3.84
41	40	40	0	0	-6.62	1.72	-3.22
42	40	55	0	0	-6.06	2.27	-2.79
43	40	70	0	0	-5.17	2.04	-2.28
44	40	85	0	0	-3.59	0.15	-1.95
45	40	100	0	0	-2.4	-0.98	-1.89
46	55	0	0	0	-4.82	-3.87	-4.59
47	55	10	0	0	-5.35	-2.41	-4.26
48	55	20	0	0	-5.73	-1.21	-3.89
49	55	30	0	0	-6.25	0.16	-3.78
50	55	40	0	0	-5.89	0.55	-3.32
51	55	55	0	0	-5.47	1	-2.94
52	55	70	0	0	-4.83	1.16	-2.45
53	55	85	0	0	-3.44	-0.27	-2.11
54	55	100	0	0	-2.42	-1.06	-1.9
55	70	0	0	0	-4.04	-3.61	-3.76
56	70	10	0	0	-4.45	-2.44	-3.44
57	70	20	0	0	-4.77	-1.39	-3.29
58	70	30	0	0	-5.07	-0.33	-2.91
59	70	40	0	0	-4.81	0.05	-2.65
60	70	55	0	0	-4.59	0.51	-2.27
61	70	70	0	0	-4.05	0.6	-2.01
62	70	85	0	0	-3.05	-0.34	-1.78
63	70	100	0	0	-2.35	-0.71	-1.65
64	85	0	0	0	-2.19	-2.09	-1.68
65	85	10	0	0	-2.64	-1.19	-1.54
66	85	20	0	0	-3.02	-0.35	-1.44
67	85	30	0	0	-3.25	0.33	-1.27
68	85	40	0	0	-3.26	0.64	-1.15
69	85	55	0	0	-3.09	0.85	-0.92
70	85	70	0	0	-2.9	1.06	-0.94
71	85	85	0	0	-2.28	0.4	-0.86
72	85	100	0	0	-1.93	0.26	-0.81
73	100	0	0	0	-0.73	-0.75	-0.31
74	100	10	0	0	-1.12	-0.19	-0.23
75	100	20	0	0	-1.4	0.38	-0.22
76	100	30	0	0	-1.72	0.7	-0.2
77	100	40	0	0	-1.84	0.87	-0.19
78	100	55	0	0	-1.89	1.08	-0.27
79	100	70	0	0	-1.98	1.16	-0.34
80	100	85	0	0	-1.75	0.68	-0.4
81	100	100	0	0	-1.89	0.96	-0.57
82	0	0	10	0	-1.25	-0.34	3.98
83	0	10	10	0	-3.05	2.24	2.89
84	0	20	10	0	-4.38	4.52	2.16
85	0	30	10	0	-5.75	7.05	1.66
86	0	40	10	0	-5.57	7.44	1.71
87	0	55	10	0	-5.23	7.96	1.77
88	0	70	10	0	-4.31	7.35	1.94
89	0	85	10	0	-2.17	3.96	1.68
90	0	100	10	0	-0.63	1.57	1.14
91	10	0	10	0	-2.86	-1.83	1.73
92	10	10	10	0	-4.34	0.62	0.88
93	10	20	10	0	-5.36	2.51	0.48
94	10	30	10	0	-6.53	4.88	-0.01
95	10	40	10	0	-6.16	5.37	0.22
96	10	55	10	0	-5.78	5.76	0.19
97	10	70	10	0	-4.87	5.44	0.39
98	10	85	10	0	-2.79	2.51	0.33
99	10	100	10	0	-1.4	0.5	-0.11
100	20	0	10	0	-4	-3.11	0.17
101	20	10	10	0	-5.1	-0.89	-0.44
102	20	20	10	0	-5.87	1.06	-0.72
103	20	30	10	0	-6.81	3.03	-1.08
104	20	40	10	0	-6.55	3.43	-0.87
105	20	55	10	0	-6.12	4.1	-0.91
106	20	70	10	0	-5.19	3.88	-0.56
107	20	85	10	0	-3.18	1.31	-0.63
108	20	100	10	0	-1.86	-0.35	-0.9
109	30	0	10	0	-5.02	-4.35	-1.3
110	30	10	10	0	-5.96	-2.26	-1.69
111	30	20	10	0	-6.56	-0.61	-2.03
112	30	30	10	0	-7.17	1.22	-2.12
113	30	40	10	0	-6.86	1.74	-1.96
114	30	55	10	0	-6.41	2.44	-1.87
115	30	70	10	0	-5.42	2.34	-1.56
116	30	85	10	0	-3.6	0.14	-1.51
117	30	100	10	0	-2.33	-1.2	-1.74
118	40	0	10	0	-5.05	-4.64	-1.45
119	40	10	10	0	-5.78	-2.87	-1.8
120	40	20	10	0	-6.26	-1.19	-2.14
121	40	30	10	0	-6.72	0.36	-2
122	40	40	10	0	-6.54	0.98	-2.04
123	40	55	10	0	-5.91	1.65	-1.86
124	40	70	10	0	-5.09	1.7	-1.68
125	40	85	10	0	-3.45	-0.11	-1.62
126	40	100	10	0	-2.34	-1.26	-1.76
127	55	0	10	0	-4.93	-5.2	-1.68
128	55	10	10	0	-5.4	-3.58	-1.89
129	55	20	10	0	-5.75	-2.24	-1.99
130	55	30	10	0	-6.2	-0.74	-2.05
131	55	40	10	0	-5.87	-0.14	-2.04
132	55	55	10	0	-5.38	0.48	-1.91
133	55	70	10	0	-4.66	0.56	-1.82
134	55	85	10	0	-3.35	-0.75	-1.7
135	55	100	10	0	-2.4	-1.35	-1.77
136	70	0	10	0	-4.15	-5.05	-1.02
137	70	10	10	0	-4.55	-3.58	-1.13
138	70	20	10	0	-4.83	-2.46	-1.26
139	70	30	10	0	-5.08	-1.21	-1.39
140	70	40	10	0	-4.82	-0.86	-1.33
141	70	55	10	0	-4.44	-0.22	-1.37
142	70	70	10	0	-3.96	0.06	-1.39
143	70	85	10	0	-2.99	-0.71	-1.39
144	70	100	10	0	-2.35	-0.95	-1.41
145	85	0	10	0	-2.41	-3.48	0.74
146	85	10	10	0	-2.79	-2.38	0.56
147	85	20	10	0	-3.03	-1.57	0.38
148	85	30	10	0	-3.3	-0.62	0.21
149	85	40	10	0	-3.18	-0.33	0.18
150	85	55	10	0	-3.05	0.18	0.02
151	85	70	10	0	-2.8	0.36	-0.17
152	85	85	10	0	-2.25	-0.03	-0.35
153	85	100	10	0	-1.94	0	-0.55
154	100	0	10	0	-0.96	-2.11	1.93
155	100	10	10	0	-1.26	-1.48	1.79
156	100	20	10	0	-1.5	-0.94	1.44
157	100	30	10	0	-1.79	-0.36	1.31
158	100	40	10	0	-1.85	-0.1	1.14
159	100	55	10	0	-1.85	0.14	0.74
160	100	70	10	0	-1.89	0.33	0.5
161	100	85	10	0	-1.71	0.2	0.15
162	100	100	10	0	-1.71	0.44	-0.12
163	0	0	20	0	-1.32	-0.76	7.05
164	0	10	20	0	-3.07	2.24	5.16
165	0	20	20	0	-4.45	4.4	3.77
166	0	30	20	0	-5.57	6.74	2.93
167	0	40	20	0	-5.39	7.06	2.78
168	0	55	20	0	-5.02	7.77	2.38
169	0	70	20	0	-4.2	7.02	2.17
170	0	85	20	0	-2.05	3.78	1.84
171	0	100	20	0	-0.63	1.58	1.08
172	10	0	20	0	-2.89	-2.24	4.56
173	10	10	20	0	-4.24	0.27	3.16
174	10	20	20	0	-5.26	2.36	2.12
175	10	30	20	0	-6.37	4.67	1.39
176	10	40	20	0	-6	4.98	1.32
177	10	55	20	0	-5.63	5.5	0.93
178	10	70	20	0	-4.69	5.11	0.78
179	10	85	20	0	-2.65	2.27	0.5
180	10	100	20	0	-1.34	0.41	-0.11
181	20	0	20	0	-3.99	-3.64	2.77
182	20	10	20	0	-5.03	-1.14	1.64
183	20	20	20	0	-5.82	0.68	0.88
184	20	30	20	0	-6.74	2.66	0.16
185	20	40	20	0	-6.35	3.12	0.21
186	20	55	20	0	-5.86	3.68	-0.17
187	20	70	20	0	-4.94	3.46	-0.23
188	20	85	20	0	-3.16	1.11	-0.48
189	20	100	20	0	-1.84	-0.44	-0.91
190	30	0	20	0	-5.14	-4.84	0.97
191	30	10	20	0	-5.97	-2.7	0.26
192	30	20	20	0	-6.54	-1.1	-0.49
193	30	30	20	0	-7.06	0.77	-0.86
194	30	40	20	0	-6.73	1.4	-0.87
195	30	55	20	0	-6.14	1.97	-1.04
196	30	70	20	0	-5.22	1.97	-1.18
197	30	85	20	0	-3.48	-0.11	-1.35
198	30	100	20	0	-2.33	-1.28	-1.72
199	40	0	20	0	-5.01	-5.39	0.88
200	40	10	20	0	-5.83	-3.3	-0.01
201	40	20	20	0	-6.15	-1.77	-0.25
202	40	30	20	0	-6.61	-0.2	-0.72
203	40	40	20	0	-6.42	0.51	-0.92
204	40	55	20	0	-5.8	1.31	-1.16
205	40	70	20	0	-4.94	1.17	-1.36
206	40	85	20	0	-3.45	-0.4	-1.45
207	40	100	20	0	-2.34	-1.35	-1.68
208	55	0	20	0	-4.98	-5.96	0.48
209	55	10	20	0	-5.48	-4.12	-0.05
210	55	20	20	0	-5.61	-2.86	-0.42
211	55	30	20	0	-6.05	-1.3	-0.76
212	55	40	20	0	-5.73	-0.76	-1.01
213	55	55	20	0	-5.19	-0.09	-1.22
214	55	70	20	0	-4.49	0.12	-1.38
215	55	85	20	0	-3.23	-1.04	-1.44
216	55	100	20	0	-2.43	-1.52	-1.66
217	70	0	20	0	-4.24	-5.9	0.88
218	70	10	20	0	-4.56	-4.49	0.43
219	70	20	20	0	-4.67	-3.28	0.23
220	70	30	20	0	-5.03	-1.94	-0.27
221	70	40	20	0	-4.69	-1.54	-0.28
222	70	55	20	0	-4.34	-0.74	-0.69
223	70	70	20	0	-3.81	-0.6	-0.87
224	70	85	20	0	-2.9	-1.12	-1.05
225	70	100	20	0	-2.29	-1.22	-1.17
226	85	0	20	0	-2.56	-4.27	2.65
227	85	10	20	0	-2.78	-3.27	2.27
228	85	20	20	0	-3.01	-2.4	1.84
229	85	30	20	0	-3.21	-1.44	1.47
230	85	40	20	0	-3.11	-1.05	1.15
231	85	55	20	0	-2.97	-0.34	0.68
232	85	70	20	0	-2.75	-0.03	0.34
233	85	85	20	0	-2.17	-0.44	0.06
234	85	100	20	0	-1.91	-0.17	-0.32
235	100	0	20	0	-1.03	-3.08	3.68
236	100	10	20	0	-1.35	-2.25	3.19
237	100	20	20	0	-1.53	-1.63	2.79
238	100	30	20	0	-1.75	-0.96	2.38
239	100	40	20	0	-1.72	-0.74	2.06
240	100	55	20	0	-1.79	-0.31	1.49
241	100	70	20	0	-1.83	-0.02	0.98
242	100	85	20	0	-1.68	-0.16	0.62
243	100	100	20	0	-1.73	0.32	0.21
244	0	0	30	0	-1.5	-0.9	9.6
245	0	10	30	0	-3.09	1.85	7.56
246	0	20	30	0	-4.24	4.06	5.84
247	0	30	30	0	-5.4	6.34	4.5
248	0	40	30	0	-5.13	6.91	3.98
249	0	55	30	0	-4.83	7.3	3.09
250	0	70	30	0	-3.95	6.66	2.57
251	0	85	30	0	-1.91	3.57	1.98
252	0	100	30	0	-0.66	1.54	1.03
253	10	0	30	0	-2.98	-2.3	7.24
254	10	10	30	0	-4.25	0.07	5.53
255	10	20	30	0	-5.19	2.05	4.1
256	10	30	30	0	-6.15	4.29	2.84
257	10	40	30	0	-5.88	4.63	2.28
258	10	55	30	0	-5.41	5.22	1.55
259	10	70	30	0	-4.5	4.78	1.11
260	10	85	30	0	-2.57	2.08	0.7
261	10	100	30	0	-1.35	0.37	-0.05
262	20	0	30	0	-4.15	-3.69	5.28
263	20	10	30	0	-5.28	-1.49	3.72
264	20	20	30	0	-5.99	0.27	2.68
265	20	30	30	0	-6.62	2.28	1.61
266	20	40	30	0	-6.21	2.83	1.11
267	20	55	30	0	-5.77	3.36	0.46
268	20	70	30	0	-4.85	3.16	0.14
269	20	85	30	0	-2.98	0.89	-0.13
270	20	100	30	0	-1.81	-0.48	-0.85
271	30	0	30	0	-5.21	-5.29	3.36
272	30	10	30	0	-5.89	-3.12	2.18
273	30	20	30	0	-6.44	-1.35	1.25
274	30	30	30	0	-6.93	0.52	0.46
275	30	40	30	0	-6.59	0.98	0.03
276	30	55	30	0	-6.03	1.66	-0.57
277	30	70	30	0	-5.09	1.55	-0.86
278	30	85	30	0	-3.41	-0.42	-1.18
279	30	100	30	0	-2.35	-1.38	-1.64
280	40	0	30	0	-5.16	-5.68	3.06
281	40	10	30	0	-5.77	-3.78	1.96
282	40	20	30	0	-6.12	-2.01	1.26
283	40	30	30	0	-6.46	-0.41	0.51
284	40	40	30	0	-6.25	0.15	0.03
285	40	55	30	0	-5.58	0.82	-0.4
286	40	70	30	0	-4.75	0.87	-0.88
287	40	85	30	0	-3.33	-0.68	-1.13
288	40	100	30	0	-2.32	-1.5	-1.53
289	55	0	30	0	-5.06	-6.44	2.33
290	55	10	30	0	-5.42	-4.7	1.75
291	55	20	30	0	-5.64	-3.41	1.02
292	55	30	30	0	-5.92	-1.77	0.35
293	55	40	30	0	-5.63	-1.11	-0.11
294	55	55	30	0	-5.08	-0.48	-0.59
295	55	70	30	0	-4.44	-0.29	-0.93
296	55	85	30	0	-3.19	-1.34	-1.12
297	55	100	30	0	-2.4	-1.67	-1.57
298	70	0	30	0	-4.21	-6.48	2.76
299	70	10	30	0	-4.54	-4.99	2.18
300	70	20	30	0	-4.71	-3.77	1.48
301	70	30	30	0	-4.9	-2.46	0.98
302	70	40	30	0	-4.59	-1.95	0.52
303	70	55	30	0	-4.21	-1.27	0.03
304	70	70	30	0	-3.72	-0.91	-0.41
305	70	85	30	0	-2.82	-1.46	-0.65
306	70	100	30	0	-2.29	-1.43	-1.12
307	85	0	30	0	-2.54	-4.93	4.41
308	85	10	30	0	-2.83	-3.78	3.78
309	85	20	30	0	-2.97	-2.96	3.12
310	85	30	30	0	-3.18	-1.91	2.57
311	85	40	30	0	-3.01	-1.46	2.08
312	85	55	30	0	-2.89	-0.8	1.39
313	85	70	30	0	-2.61	-0.48	0.86
314	85	85	30	0	-2.12	-0.65	0.39
315	85	100	30	0	-1.85	-0.38	-0.04
316	100	0	30	0	-1.09	-3.72	5.28
317	100	10	30	0	-1.34	-2.9	4.62
318	100	20	30	0	-1.58	-2.25	3.95
319	100	30	30	0	-1.76	-1.6	3.5
320	100	40	30	0	-1.77	-1.18	2.85
321	100	55	30	0	-1.79	-0.75	2.13
322	100	70	30	0	-1.74	-0.46	1.61
323	100	85	30	0	-1.6	-0.45	1.02
324	100	100	30	0	-1.64	0.03	0.47
325	0	0	40	0	-1.25	-0.62	10.24
326	0	10	40	0	-2.81	1.77	7.84
327	0	20	40	0	-3.92	3.96	6.08
328	0	30	40	0	-5.17	6.12	4.49
329	0	40	40	0	-4.9	6.73	3.94
330	0	55	40	0	-4.64	7.1	2.83
331	0	70	40	0	-3.7	6.47	2.56
332	0	85	40	0	-1.83	3.45	1.99
333	0	100	40	0	-0.62	1.51	1.16
334	10	0	40	0	-2.76	-2.33	7.73
335	10	10	40	0	-4.1	0.04	5.71
336	10	20	40	0	-4.98	1.85	4.19
337	10	30	40	0	-5.89	3.99	2.85
338	10	40	40	0	-5.65	4.62	2.15
339	10	55	40	0	-5.17	4.96	1.48
340	10	70	40	0	-4.26	4.47	1.14
341	10	85	40	0	-2.48	1.89	0.77
342	10	100	40	0	-1.28	0.3	0.01
343	20	0	40	0	-3.91	-3.52	5.68
344	20	10	40	0	-4.95	-1.59	3.86
345	20	20	40	0	-5.64	0.4	2.76
346	20	30	40	0	-6.38	2.21	1.48
347	20	40	40	0	-6.06	2.77	1.1
348	20	55	40	0	-5.43	3.1	0.4
349	20	70	40	0	-4.55	2.84	0.04
350	20	85	40	0	-2.87	0.69	-0.2
351	20	100	40	0	-1.83	-0.58	-0.81
352	30	0	40	0	-4.98	-5.14	3.57
353	30	10	40	0	-5.77	-3.04	2.37
354	30	20	40	0	-6.09	-1.59	1.38
355	30	30	40	0	-6.64	0.26	0.37
356	30	40	40	0	-6.3	0.78	-0.09
357	30	55	40	0	-5.74	1.31	-0.57
358	30	70	40	0	-4.93	1.32	-0.96
359	30	85	40	0	-3.33	-0.59	-1.13
360	30	100	40	0	-2.36	-1.43	-1.63
361	40	0	40	0	-4.94	-5.43	3.19
362	40	10	40	0	-5.55	-3.67	2.11
363	40	20	40	0	-5.9	-2.33	1.05
364	40	30	40	0	-6.3	-0.53	0.34
365	40	40	40	0	-6.02	-0.04	-0.2
366	40	55	40	0	-5.42	0.69	-0.56
367	40	70	40	0	-4.57	0.57	-0.79
368	40	85	40	0	-3.17	-0.96	-1.15
369	40	100	40	0	-2.35	-1.64	-1.65
370	55	0	40	0	-4.81	-6.47	2.62
371	55	10	40	0	-5.2	-4.79	1.74
372	55	20	40	0	-5.47	-3.5	0.8
373	55	30	40	0	-5.7	-2.08	0.2
374	55	40	40	0	-5.38	-1.47	-0.26
375	55	55	40	0	-4.91	-0.85	-0.69
376	55	70	40	0	-4.25	-0.64	-1.02
377	55	85	40	0	-3.14	-1.59	-1.16
378	55	100	40	0	-2.35	-1.81	-1.59
379	70	0	40	0	-4.1	-6.34	2.98
380	70	10	40	0	-4.33	-5.13	2.09
381	70	20	40	0	-4.46	-3.89	1.54
382	70	30	40	0	-4.67	-2.61	0.86
383	70	40	40	0	-4.49	-2.13	0.47
384	70	55	40	0	-4.02	-1.5	-0.09
385	70	70	40	0	-3.55	-1.16	-0.37
386	70	85	40	0	-2.73	-1.62	-0.67
387	70	100	40	0	-2.17	-1.67	-0.97
388	85	0	40	0	-2.4	-4.89	4.47
389	85	10	40	0	-2.65	-3.81	3.72
390	85	20	40	0	-2.88	-2.81	2.95
391	85	30	40	0	-3.01	-2	2.38
392	85	40	40	0	-2.93	-1.39	1.94
393	85	55	40	0	-2.72	-0.96	1.38
394	85	70	40	0	-2.45	-0.66	0.89
395	85	85	40	0	-2.03	-0.87	0.47
396	85	100	40	0	-1.81	-0.52	0.02
397	100	0	40	0	-1	-3.53	5.27
398	100	10	40	0	-1.27	-2.81	4.53
399	100	20	40	0	-1.44	-2.15	3.97
400	100	30	40	0	-1.63	-1.46	3.39
401	100	40	40	0	-1.57	-1.27	2.89
402	100	55	40	0	-1.68	-0.76	2.1
403	100	70	40	0	-1.69	-0.53	1.55
404	100	85	40	0	-1.5	-0.6	1.05
405	100	100	40	0	-1.55	-0.14	0.59
406	0	0	55	0	-1.02	-0.36	11.04
407	0	10	55	0	-2.6	2.12	8.41
408	0	20	55	0	-3.74	3.98	6.28
409	0	30	55	0	-4.81	6.1	4.74
410	0	40	55	0	-4.5	6.36	3.82
411	0	55	55	0	-4.21	6.74	2.96
412	0	70	55	0	-3.41	6.07	2.28
413	0	85	55	0	-1.68	3.19	2.12
414	0	100	55	0	-0.62	1.46	1.38
415	10	0	55	0	-2.6	-2.12	8.28
416	10	10	55	0	-3.83	0.07	6.01
417	10	20	55	0	-4.63	1.94	4.45
418	10	30	55	0	-5.49	3.84	2.87
419	10	40	55	0	-5.27	4.38	2.2
420	10	55	55	0	-4.82	4.55	1.43
421	10	70	55	0	-3.99	4.15	1.07
422	10	85	55	0	-2.33	1.6	0.78
423	10	100	55	0	-1.3	0.24	0.18
424	20	0	55	0	-3.72	-3.64	6.16
425	20	10	55	0	-4.68	-1.32	4.4
426	20	20	55	0	-5.28	0.35	2.92
427	20	30	55	0	-5.95	1.89	1.58
428	20	40	55	0	-5.67	2.49	0.94
429	20	55	55	0	-5.08	2.71	0.48
430	20	70	55	0	-4.31	2.28	-0.12
431	20	85	55	0	-2.78	0.41	-0.29
432	20	100	55	0	-1.8	-0.74	-0.67
433	30	0	55	0	-4.79	-4.86	4.06
434	30	10	55	0	-5.45	-3.07	2.55
435	30	20	55	0	-5.9	-1.67	1.46
436	30	30	55	0	-6.38	0.12	0.35
437	30	40	55	0	-6.02	0.4	-0.19
438	30	55	55	0	-5.46	0.98	-0.71
439	30	70	55	0	-4.64	0.87	-1.02
440	30	85	55	0	-3.18	-0.79	-0.97
441	30	100	55	0	-2.31	-1.64	-1.49
442	40	0	55	0	-4.68	-5.58	3.65
443	40	10	55	0	-5.25	-3.87	2.19
444	40	20	55	0	-5.57	-2.4	1.31
445	40	30	55	0	-6	-0.83	0.2
446	40	40	55	0	-5.57	-0.45	-0.09
447	40	55	55	0	-5.08	0.15	-0.56
448	40	70	55	0	-4.39	0.24	-0.93
449	40	85	55	0	-3.14	-1.22	-1.14
450	40	100	55	0	-2.26	-1.86	-1.43
451	55	0	55	0	-4.66	-6.21	2.72
452	55	10	55	0	-4.92	-4.77	1.89
453	55	20	55	0	-5.12	-3.53	0.93
454	55	30	55	0	-5.35	-2.23	0.25
455	55	40	55	0	-5.07	-1.62	-0.08
456	55	55	55	0	-4.54	-1.19	-0.62
457	55	70	55	0	-3.99	-0.95	-1
458	55	85	55	0	-2.91	-1.91	-1.12
459	55	100	55	0	-2.34	-2.06	-1.44
460	70	0	55	0	-3.86	-6.47	3.18
461	70	10	55	0	-4.15	-5.08	2.26
462	70	20	55	0	-4.18	-4	1.53
463	70	30	55	0	-4.37	-2.95	0.87
464	70	40	55	0	-4.14	-2.38	0.51
465	70	55	55	0	-3.86	-1.79	-0.01
466	70	70	55	0	-3.34	-1.46	-0.42
467	70	85	55	0	-2.63	-1.87	-0.57
468	70	100	55	0	-2.19	-1.84	-1.01
469	85	0	55	0	-2.25	-4.68	4.58
470	85	10	55	0	-2.5	-3.62	3.87
471	85	20	55	0	-2.62	-2.97	3.17
472	85	30	55	0	-2.81	-2.02	2.52
473	85	40	55	0	-2.68	-1.71	2.03
474	85	55	55	0	-2.52	-1.24	1.46
475	85	70	55	0	-2.36	-0.79	0.87
476	85	85	55	0	-1.9	-1.01	0.54
477	85	100	55	0	-1.71	-0.62	0.07
478	100	0	55	0	-0.99	-3.29	5.37
479	100	10	55	0	-1.11	-2.77	4.75
480	100	20	55	0	-1.31	-2	4.09
481	100	30	55	0	-1.45	-1.59	3.47
482	100	40	55	0	-1.49	-1.34	2.9
483	100	55	55	0	-1.51	-0.91	2.29
484	100	70	55	0	-1.48	-0.71	1.7
485	100	85	55	0	-1.4	-0.67	1.19
486	100	100	55	0	-1.48	-0.18	0.66
487	0	0	70	0	-0.8	-0.2	10.03
488	0	10	70	0	-2.25	2	7.36
489	0	20	70	0	-3.24	3.99	5.58
490	0	30	70	0	-4.29	5.72	4.04
491	0	40	70	0	-4.16	6.27	3.13
492	0	55	70	0	-3.83	6.39	2.26
493	0	70	70	0	-3.07	5.67	2.07
494	0	85	70	0	-1.55	2.9	2.16
495	0	100	70	0	-0.58	1.38	1.68
496	10	0	70	0	-2.3	-1.73	7.29
497	10	10	70	0	-3.44	0.21	5.16
498	10	20	70	0	-4.26	1.8	3.57
499	10	30	70	0	-5.13	3.71	2.17
500	10	40	70	0	-4.84	4.05	1.6
501	10	55	70	0	-4.41	4.25	0.98
502	10	70	70	0	-3.69	3.63	0.63
503	10	85	70	0	-2.18	1.39	0.84
504	10	100	70	0	-1.28	0.09	0.37
505	20	0	70	0	-3.44	-3.3	4.97
506	20	10	70	0	-4.34	-1.35	3.32
507	20	20	70	0	-4.83	0.12	2.18
508	20	30	70	0	-5.55	1.72	0.75
509	20	40	70	0	-5.19	2.15	0.45
510	20	55	70	0	-4.7	2.4	-0.17
511	20	70	70	0	-4	1.99	-0.31
512	20	85	70	0	-2.66	0.05	-0.35
513	20	100	70	0	-1.72	-0.81	-0.44
514	30	0	70	0	-4.35	-4.64	3.14
515	30	10	70	0	-5.11	-3.07	1.56
516	30	20	70	0	-5.52	-1.68	0.42
517	30	30	70	0	-5.95	-0.07	-0.36
518	30	40	70	0	-5.56	0.29	-0.77
519	30	55	70	0	-5.09	0.52	-1.2
520	30	70	70	0	-4.38	0.53	-1.36
521	30	85	70	0	-3.06	-1.1	-1.16
522	30	100	70	0	-2.29	-1.75	-1.4
523	40	0	70	0	-4.34	-5.26	2.49
524	40	10	70	0	-4.83	-3.7	1.41
525	40	20	70	0	-5.21	-2.44	0.43
526	40	30	70	0	-5.5	-1.04	-0.47
527	40	40	70	0	-5.28	-0.62	-0.95
528	40	55	70	0	-4.77	-0.11	-1.14
529	40	70	70	0	-4.1	-0.3	-1.33
530	40	85	70	0	-2.91	-1.59	-1.12
531	40	100	70	0	-2.21	-2.06	-1.4
532	55	0	70	0	-4.24	-6.22	1.85
533	55	10	70	0	-4.59	-4.76	1
534	55	20	70	0	-4.77	-3.49	0.25
535	55	30	70	0	-4.96	-2.35	-0.42
536	55	40	70	0	-4.67	-1.93	-0.84
537	55	55	70	0	-4.24	-1.52	-1.03
538	55	70	70	0	-3.7	-1.36	-1.28
539	55	85	70	0	-2.78	-2.15	-1.15
540	55	100	70	0	-2.29	-2.2	-1.41
541	70	0	70	0	-3.52	-6.06	2.26
542	70	10	70	0	-3.8	-4.95	1.38
543	70	20	70	0	-3.85	-3.98	0.89
544	70	30	70	0	-4.05	-2.89	0.3
545	70	40	70	0	-3.81	-2.54	0
546	70	55	70	0	-3.52	-2.02	-0.42
547	70	70	70	0	-3.11	-1.76	-0.64
548	70	85	70	0	-2.43	-2.18	-0.68
549	70	100	70	0	-2.11	-1.99	-0.93
550	85	0	70	0	-1.99	-4.22	3.71
551	85	10	70	0	-2.21	-3.46	3.12
552	85	20	70	0	-2.37	-2.6	2.51
553	85	30	70	0	-2.52	-1.98	1.91
554	85	40	70	0	-2.39	-1.65	1.67
555	85	55	70	0	-2.26	-1.28	1.14
556	85	70	70	0	-2.08	-1.01	0.7
557	85	85	70	0	-1.74	-1.16	0.49
558	85	100	70	0	-1.64	-0.8	0.1
559	100	0	70	0	-0.78	-2.8	4.71
560	100	10	70	0	-0.97	-2.33	4.13
561	100	20	70	0	-1.09	-1.91	3.56
562	100	30	70	0	-1.26	-1.44	3.04
563	100	40	70	0	-1.3	-1.11	2.6
564	100	55	70	0	-1.3	-1.01	2.03
565	100	70	70	0	-1.38	-0.65	1.5
566	100	85	70	0	-1.29	-0.66	1.14
567	100	100	70	0	-1.4	-0.15	0.57
568	0	0	85	0	-0.34	-0.17	6.17
569	0	10	85	0	-1.77	1.91	4.15
570	0	20	85	0	-2.8	3.89	2.83
571	0	30	85	0	-3.77	5.56	1.71
572	0	40	85	0	-3.77	5.83	1.19
573	0	55	85	0	-3.42	5.9	1.18
574	0	70	85	0	-2.71	5.16	1.53
575	0	85	85	0	-1.35	2.63	2.19
576	0	100	85	0	-0.59	1.3	2.2
577	10	0	85	0	-1.85	-1.75	3.56
578	10	10	85	0	-2.98	0.14	1.98
579	10	20	85	0	-3.82	1.69	0.78
580	10	30	85	0	-4.56	3.37	-0.09
581	10	40	85	0	-4.35	3.69	-0.18
582	10	55	85	0	-4.01	3.75	-0.27
583	10	70	85	0	-3.4	3.25	-0.08
584	10	85	85	0	-2.03	1.13	0.78
585	10	100	85	0	-1.25	-0.01	0.82
586	20	0	85	0	-2.89	-3.29	1.49
587	20	10	85	0	-3.89	-1.4	0.29
588	20	20	85	0	-4.37	0.02	-0.45
589	20	30	85	0	-5.01	1.49	-1.48
590	20	40	85	0	-4.82	1.89	-1.53
591	20	55	85	0	-4.31	2.04	-1.21
592	20	70	85	0	-3.71	1.59	-1.14
593	20	85	85	0	-2.5	-0.23	-0.35
594	20	100	85	0	-1.78	-0.94	-0.2
595	30	0	85	0	-3.99	-4.52	-0.57
596	30	10	85	0	-4.62	-2.99	-1.45
597	30	20	85	0	-5.09	-1.65	-2.19
598	30	30	85	0	-5.46	-0.28	-2.74
599	30	40	85	0	-5.15	-0.13	-2.5
600	30	55	85	0	-4.75	0.26	-2.45
601	30	70	85	0	-4.08	0.01	-2.2
602	30	85	85	0	-2.89	-1.39	-1.3
603	30	100	85	0	-2.24	-1.96	-1.25
604	40	0	85	0	-3.91	-5.09	-0.6
605	40	10	85	0	-4.42	-3.65	-1.34
606	40	20	85	0	-4.7	-2.29	-1.9
607	40	30	85	0	-5.03	-1.25	-2.52
608	40	40	85	0	-4.81	-0.74	-2.43
609	40	55	85	0	-4.37	-0.57	-2.48
610	40	70	85	0	-3.74	-0.6	-1.96
611	40	85	85	0	-2.82	-1.83	-1.32
612	40	100	85	0	-2.22	-2.15	-1.33
613	55	0	85	0	-3.79	-5.99	-1.22
614	55	10	85	0	-4.13	-4.57	-1.68
615	55	20	85	0	-4.3	-3.57	-2.1
616	55	30	85	0	-4.53	-2.54	-2.37
617	55	40	85	0	-4.29	-1.95	-2.26
618	55	55	85	0	-3.88	-1.74	-2.16
619	55	70	85	0	-3.41	-1.74	-1.9
620	55	85	85	0	-2.63	-2.35	-1.47
621	55	100	85	0	-2.25	-2.4	-1.5
622	70	0	85	0	-3.17	-5.57	-0.45
623	70	10	85	0	-3.39	-4.66	-0.87
624	70	20	85	0	-3.56	-3.8	-1.23
625	70	30	85	0	-3.67	-2.86	-1.5
626	70	40	85	0	-3.47	-2.68	-1.43
627	70	55	85	0	-3.14	-2.29	-1.31
628	70	70	85	0	-2.84	-2	-1.25
629	70	85	85	0	-2.29	-2.35	-1.02
630	70	100	85	0	-1.97	-2.1	-1.08
631	85	0	85	0	-1.72	-3.71	1.45
632	85	10	85	0	-1.89	-3.02	1.15
633	85	20	85	0	-2.05	-2.41	0.81
634	85	30	85	0	-2.19	-1.75	0.55
635	85	40	85	0	-2.12	-1.54	0.47
636	85	55	85	0	-2.04	-1.22	0.26
637	85	70	85	0	-1.88	-1.05	0.15
638	85	85	85	0	-1.61	-1.2	0.15
639	85	100	85	0	-1.56	-0.89	-0.12
640	100	0	85	0	-0.58	-2.18	2.72
641	100	10	85	0	-0.77	-1.77	2.35
642	100	20	85	0	-0.95	-1.41	2.02
643	100	30	85	0	-1.08	-1.03	1.75
644	100	40	85	0	-1.11	-0.97	1.49
645	100	55	85	0	-1.16	-0.81	1.23
646	100	70	85	0	-1.21	-0.53	0.99
647	100	85	85	0	-1.18	-0.53	0.76
648	100	100	85	0	-1.22	-0.06	0.43
649	0	0	100	0	-0.04	-0.13	3.3
650	0	10	100	0	-1.44	1.85	1.83
651	0	20	100	0	-2.44	3.54	0.84
652	0	30	100	0	-3.44	5.32	-0.07
653	0	40	100	0	-3.26	5.27	0.27
654	0	55	100	0	-3.02	5.51	0.66
655	0	70	100	0	-2.5	4.67	1.19
656	0	85	100	0	-1.2	2.37	2.5
657	0	100	100	0	-0.55	1.23	2.91
658	10	0	100	0	-1.55	-1.6	0.89
659	10	10	100	0	-2.68	0.09	-0.37
660	10	20	100	0	-3.37	1.47	-1.06
661	10	30	100	0	-4.15	3.07	-1.74
662	10	40	100	0	-3.91	3.31	-1.42
663	10	55	100	0	-3.7	3.4	-0.96
664	10	70	100	0	-3.07	2.82	-0.13
665	10	85	100	0	-1.87	0.91	0.99
666	10	100	100	0	-1.25	-0.07	1.35
667	20	0	100	0	-2.55	-3.18	-1.07
668	20	10	100	0	-3.45	-1.4	-1.91
669	20	20	100	0	-4.09	-0.12	-2.61
670	20	30	100	0	-4.64	1.34	-2.98
671	20	40	100	0	-4.37	1.59	-2.58
672	20	55	100	0	-4.05	1.63	-2.12
673	20	70	100	0	-3.45	1.12	-1.29
674	20	85	100	0	-2.29	-0.49	-0.33
675	20	100	100	0	-1.78	-1.01	0.17
676	30	0	100	0	-3.57	-4.58	-2.98
677	30	10	100	0	-4.24	-3.02	-3.31
678	30	20	100	0	-4.67	-1.97	-3.77
679	30	30	100	0	-5.03	-0.52	-3.98
680	30	40	100	0	-4.67	-0.38	-3.58
681	30	55	100	0	-4.44	-0.18	-3.02
682	30	70	100	0	-3.84	-0.32	-2.38
683	30	85	100	0	-2.81	-1.73	-1.38
684	30	100	100	0	-2.14	-2.22	-0.95
685	40	0	100	0	-3.6	-5.03	-3.03
686	40	10	100	0	-4.02	-3.52	-3.34
687	40	20	100	0	-4.33	-2.38	-3.71
688	40	30	100	0	-4.59	-1.32	-3.79
689	40	40	100	0	-4.48	-1.04	-3.62
690	40	55	100	0	-4.06	-0.75	-3.07
691	40	70	100	0	-3.47	-1.04	-2.38
692	40	85	100	0	-2.63	-2.05	-1.42
693	40	100	100	0	-2.2	-2.24	-1.11
694	55	0	100	0	-3.49	-5.58	-3.06
695	55	10	100	0	-3.85	-4.44	-3.4
696	55	20	100	0	-3.96	-3.46	-3.42
697	55	30	100	0	-4.2	-2.57	-3.54
698	55	40	100	0	-3.89	-2.3	-3.15
699	55	55	100	0	-3.53	-2.08	-2.76
700	55	70	100	0	-3.15	-1.93	-2.25
701	55	85	100	0	-2.47	-2.62	-1.57
702	55	100	100	0	-2.18	-2.6	-1.43
703	70	0	100	0	-2.89	-5.32	-2.15
704	70	10	100	0	-3.08	-4.56	-2.39
705	70	20	100	0	-3.22	-3.72	-2.44
706	70	30	100	0	-3.32	-3	-2.45
707	70	40	100	0	-3.14	-2.75	-2.3
708	70	55	100	0	-2.9	-2.37	-1.9
709	70	70	100	0	-2.61	-2.22	-1.59
710	70	85	100	0	-2.14	-2.51	-1.1
711	70	100	100	0	-1.93	-2.22	-1.1
712	85	0	100	0	-1.49	-3.5	-0.01
713	85	10	100	0	-1.71	-2.87	-0.12
714	85	20	100	0	-1.78	-2.41	-0.2
715	85	30	100	0	-1.93	-1.84	-0.3
716	85	40	100	0	-1.91	-1.6	-0.32
717	85	55	100	0	-1.78	-1.39	-0.13
718	85	70	100	0	-1.71	-1.14	-0.05
719	85	85	100	0	-1.45	-1.23	0.1
720	85	100	100	0	-1.42	-0.85	-0.22
721	100	0	100	0	-0.48	-1.97	1.67
722	100	10	100	0	-0.65	-1.61	1.37
723	100	20	100	0	-0.78	-1.33	1.25
724	100	30	100	0	-0.95	-1.07	1.06
725	100	40	100	0	-0.95	-0.93	1.02
726	100	55	100	0	-1.01	-0.71	0.89
727	100	70	100	0	-1.07	-0.6	0.76
728	100	85	100	0	-1.01	-0.56	0.58
729	100	100	100	0	-1.27	0.12	0.2
730	0	0	0	20	-5.92	-0.15	0.07
731	0	10	0	20	-7.02	1.8	0.12
732	0	20	0	20	-7.89	3.36	0.08
733	0	40	0	20	-8.48	5.38	0.45
734	0	70	0	20	-6.38	4.28	1.41
735	0	100	0	20	-2.63	-0.78	1.39
736	10	0	0	20	-6.81	-0.86	-0.91
737	10	10	0	20	-7.71	0.63	-1.08
738	10	20	0	20	-8.33	2.15	-0.94
739	10	40	0	20	-8.75	4.09	-0.44
740	10	70	0	20	-6.68	3.05	0.38
741	10	100	0	20	-3.18	-1.47	0.4
742	20	0	0	20	-7.38	-1.79	-1.79
743	20	10	0	20	-8.19	-0.14	-2
744	20	20	0	20	-8.67	1.16	-1.79
745	20	40	0	20	-8.79	2.9	-1.19
746	20	70	0	20	-6.86	2.05	-0.3
747	20	100	0	20	-3.47	-1.98	-0.12
748	40	0	0	20	-7.76	-2.81	-2.62
749	40	10	0	20	-8.25	-1.45	-2.57
750	40	20	0	20	-8.53	-0.37	-2.45
751	40	40	0	20	-8.43	1.31	-1.65
752	40	70	0	20	-6.59	0.56	-1.05
753	40	100	0	20	-3.82	-2.4	-0.84
754	70	0	0	20	-6.18	-2.24	-1.55
755	70	10	0	20	-6.43	-1.34	-1.33
756	70	20	0	20	-6.64	-0.47	-1.28
757	70	40	0	20	-6.55	0.7	-0.86
758	70	70	0	20	-5.33	0.21	-0.33
759	70	100	0	20	-3.36	-1.58	0.06
760	100	0	0	20	-2.93	0.23	1.43
761	100	10	0	20	-3.2	0.69	1.44
762	100	20	0	20	-3.42	1.2	1.41
763	100	40	0	20	-3.68	1.55	1.37
764	100	70	0	20	-3.29	0.91	1.37
765	100	100	0	20	-2.7	-0.12	1.18
766	0	0	10	20	-5.91	-0.25	2.77
767	0	10	10	20	-6.95	1.42	2.11
768	0	20	10	20	-7.7	2.97	1.69
769	0	40	10	20	-8.25	5.11	1.52
770	0	70	10	20	-6.15	3.99	1.89
771	0	100	10	20	-2.59	-0.87	1.36
772	10	0	10	20	-6.85	-1.24	1.34
773	10	10	10	20	-7.7	0.37	0.8
774	10	20	10	20	-8.25	1.66	0.61
775	10	40	10	20	-8.51	3.75	0.55
776	10	70	10	20	-6.51	2.73	0.83
777	10	100	10	20	-3.15	-1.57	0.46
778	20	0	10	20	-7.47	-2.16	0.36
779	20	10	10	20	-8.07	-0.69	-0.02
780	20	20	10	20	-8.46	0.69	-0.16
781	20	40	10	20	-8.64	2.41	-0.16
782	20	70	10	20	-6.71	1.68	0.18
783	20	100	10	20	-3.47	-2.17	-0.09
784	40	0	10	20	-7.83	-3.31	-0.62
785	40	10	10	20	-8.22	-2.1	-0.82
786	40	20	10	20	-8.43	-0.87	-1.04
787	40	40	10	20	-8.31	0.74	-0.86
788	40	70	10	20	-6.49	0.27	-0.55
789	40	100	10	20	-3.75	-2.71	-0.64
790	70	0	10	20	-6.17	-3.21	0.37
791	70	10	10	20	-6.44	-2.09	0.28
792	70	20	10	20	-6.63	-1.2	0.17
793	70	40	10	20	-6.52	0.06	0.08
794	70	70	10	20	-5.23	-0.22	0.19
795	70	100	10	20	-3.34	-1.82	0.33
796	100	0	10	20	-3.02	-0.69	2.98
797	100	10	10	20	-3.26	-0.2	2.89
798	100	20	10	20	-3.47	0.25	2.59
799	100	40	10	20	-3.7	0.88	2.35
800	100	70	10	20	-3.2	0.27	2.04
801	100	100	10	20	-2.66	-0.45	1.64
802	0	0	20	20	-5.82	-0.61	4.81
803	0	10	20	20	-6.85	1.42	3.61
804	0	20	20	20	-7.66	2.92	2.74
805	0	40	20	20	-8.01	4.84	2.25
806	0	70	20	20	-6.04	3.73	2.11
807	0	100	20	20	-2.58	-0.87	1.38
808	10	0	20	20	-6.72	-1.56	3.18
809	10	10	20	20	-7.49	0.09	2.33
810	10	20	20	20	-8.07	1.59	1.69
811	10	40	20	20	-8.29	3.46	1.32
812	10	70	20	20	-6.34	2.46	1.13
813	10	100	20	20	-3.1	-1.68	0.54
814	20	0	20	20	-7.31	-2.56	2.04
815	20	10	20	20	-7.88	-0.84	1.33
816	20	20	20	20	-8.31	0.42	0.9
817	20	40	20	20	-8.4	2.18	0.59
818	20	70	20	20	-6.47	1.33	0.43
819	20	100	20	20	-3.45	-2.28	-0.03
820	40	0	20	20	-7.67	-3.82	0.93
821	40	10	20	20	-8.14	-2.37	0.35
822	40	20	20	20	-8.24	-1.28	0.28
823	40	40	20	20	-8.16	0.37	-0.1
824	40	70	20	20	-6.34	-0.18	-0.32
825	40	100	20	20	-3.75	-2.83	-0.49
826	70	0	20	20	-6.14	-3.75	1.68
827	70	10	20	20	-6.36	-2.7	1.36
828	70	20	20	20	-6.44	-1.76	1.21
829	70	40	20	20	-6.37	-0.43	0.83
830	70	70	20	20	-5.08	-0.73	0.62
831	70	100	20	20	-3.26	-2.09	0.59
832	100	0	20	20	-3.02	-1.36	4.2
833	100	10	20	20	-3.3	-0.68	3.85
834	100	20	20	20	-3.46	-0.17	3.55
835	100	40	20	20	-3.53	0.45	3.01
836	100	70	20	20	-3.15	0.1	2.4
837	100	100	20	20	-2.64	-0.54	1.93
838	0	0	40	20	-5.47	-0.55	6.76
839	0	10	40	20	-6.37	1.03	5.27
840	0	20	40	20	-6.99	2.59	4.2
841	0	40	40	20	-7.41	4.64	2.94
842	0	70	40	20	-5.56	3.29	2.3
843	0	100	40	20	-2.58	-0.95	1.34
844	10	0	40	20	-6.34	-1.69	5.18
845	10	10	40	20	-7.12	-0.07	3.91
846	10	20	40	20	-7.62	1.18	2.95
847	10	40	40	20	-7.83	3.23	1.7
848	10	70	40	20	-5.92	1.94	1.33
849	10	100	40	20	-3.03	-1.78	0.55
850	20	0	40	20	-6.97	-2.47	3.86
851	20	10	40	20	-7.58	-1.19	2.68
852	20	20	40	20	-7.96	0.24	2.01
853	20	40	40	20	-8.01	1.92	1
854	20	70	40	20	-6.08	0.82	0.53
855	20	100	40	20	-3.42	-2.38	-0.03
856	40	0	40	20	-7.36	-3.79	2.33
857	40	10	40	20	-7.7	-2.62	1.65
858	40	20	40	20	-7.84	-1.7	0.93
859	40	40	40	20	-7.71	-0.08	0.13
860	40	70	40	20	-5.97	-0.69	0.03
861	40	100	40	20	-3.73	-3.07	-0.56
862	70	0	40	20	-5.86	-3.93	3.06
863	70	10	40	20	-6.02	-3.05	2.39
864	70	20	40	20	-6.13	-2.08	1.97
865	70	40	40	20	-6.12	-0.76	1.14
866	70	70	40	20	-4.78	-1.1	0.85
867	70	100	40	20	-3.09	-2.44	0.66
868	100	0	40	20	-2.89	-1.5	5.16
869	100	10	40	20	-3.14	-0.92	4.61
870	100	20	40	20	-3.32	-0.34	4.19
871	100	40	40	20	-3.4	0.26	3.39
872	100	70	40	20	-3	-0.13	2.66
873	100	100	40	20	-2.37	-0.84	2.04
874	0	0	70	20	-4.57	-0.23	5.82
875	0	10	70	20	-5.46	1.24	4.05
876	0	20	70	20	-6.07	2.66	2.91
877	0	40	70	20	-6.55	4.33	1.37
878	0	70	70	20	-4.93	2.69	1.17
879	0	100	70	20	-2.51	-1.08	1.14
880	10	0	70	20	-5.48	-1.23	4
881	10	10	70	20	-6.18	0.07	2.6
882	10	20	70	20	-6.69	1.19	1.56
883	10	40	70	20	-6.92	2.83	0.36
884	10	70	70	20	-5.33	1.31	0.15
885	10	100	70	20	-3.01	-1.94	0.18
886	20	0	70	20	-6.17	-2.31	2.4
887	20	10	70	20	-6.73	-0.97	1.33
888	20	20	70	20	-6.99	0.09	0.63
889	20	40	70	20	-7.04	1.54	-0.42
890	20	70	70	20	-5.5	0.21	-0.52
891	20	100	70	20	-3.29	-2.56	-0.39
892	40	0	70	20	-6.54	-3.64	0.8
893	40	10	70	20	-6.82	-2.56	0.14
894	40	20	70	20	-7.02	-1.64	-0.52
895	40	40	70	20	-6.86	-0.35	-1.36
896	40	70	70	20	-5.45	-1.25	-1.23
897	40	100	70	20	-3.55	-3.36	-1.03
898	70	0	70	20	-5.2	-3.49	1.51
899	70	10	70	20	-5.42	-2.66	0.85
900	70	20	70	20	-5.46	-1.88	0.47
901	70	40	70	20	-5.36	-0.83	-0.16
902	70	70	70	20	-4.31	-1.36	-0.16
903	70	100	70	20	-2.99	-2.54	0.02
904	100	0	70	20	-2.68	-0.61	3.72
905	100	10	70	20	-2.87	-0.18	3.28
906	100	20	70	20	-2.97	0.18	2.84
907	100	40	70	20	-3.08	0.79	2.17
908	100	70	70	20	-2.67	0.12	1.82
909	100	100	70	20	-2.2	-0.62	1.49
910	0	0	100	20	-3.46	-0.13	0.11
911	0	10	100	20	-4.37	1.19	-0.87
912	0	20	100	20	-5.04	2.4	-1.52
913	0	40	100	20	-5.53	3.55	-1.75
914	0	70	100	20	-4.29	1.9	-0.51
915	0	100	100	20	-2.45	-1.27	0.95
916	10	0	100	20	-4.43	-1.1	-1.54
917	10	10	100	20	-5.19	0.03	-2.4
918	10	20	100	20	-5.62	1.02	-2.83
919	10	40	100	20	-5.89	2.32	-2.93
920	10	70	100	20	-4.65	0.68	-1.41
921	10	100	100	20	-2.94	-2.1	-0.04
922	20	0	100	20	-5.04	-2.2	-2.93
923	20	10	100	20	-5.65	-0.96	-3.48
924	20	20	100	20	-6.08	-0.03	-3.96
925	20	40	100	20	-6.11	1.17	-3.72
926	20	70	100	20	-4.88	-0.47	-2.25
927	20	100	100	20	-3.29	-2.72	-0.91
928	40	0	100	20	-5.63	-3.45	-4.25
929	40	10	100	20	-5.87	-2.34	-4.41
930	40	20	100	20	-6.04	-1.47	-4.62
931	40	40	100	20	-5.98	-0.56	-4.33
932	40	70	100	20	-4.76	-1.79	-2.98
933	40	100	100	20	-3.48	-3.44	-1.79
934	70	0	100	20	-4.53	-2.82	-2.66
935	70	10	100	20	-4.68	-2.25	-2.89
936	70	20	100	20	-4.8	-1.59	-2.99
937	70	40	100	20	-4.66	-0.99	-2.9
938	70	70	100	20	-3.79	-1.68	-1.8
939	70	100	100	20	-2.76	-2.63	-0.96
940	100	0	100	20	-2.35	0.28	0.54
941	100	10	100	20	-2.55	0.47	0.42
942	100	20	100	20	-2.65	0.78	0.28
943	100	40	100	20	-2.69	1.02	0.07
944	100	70	100	20	-2.33	0.39	0.39
945	100	100	100	20	-1.9	-0.26	0.53
946	0	0	0	40	-8.06	-0.17	0.1
947	0	20	0	40	-9.06	2.3	0.56
948	0	40	0	40	-9.07	3.74	0.76
949	0	70	0	40	-6.8	2.55	1.52
950	0	100	0	40	-3.45	-1.54	1.58
951	20	0	0	40	-8.72	-1.29	-0.78
952	20	20	0	40	-9.38	0.85	-0.86
953	20	40	0	40	-9.14	2.11	-0.46
954	20	70	0	40	-7.11	1.03	0.27
955	20	100	0	40	-4.04	-2.38	0.42
956	40	0	0	40	-8.64	-2.03	-1.48
957	40	20	0	40	-9	-0.21	-1.39
958	40	40	0	40	-8.68	1.09	-0.77
959	40	70	0	40	-6.82	0	-0.24
960	40	100	0	40	-4.25	-2.69	-0.12
961	70	0	0	40	-6.87	-1.31	-0.61
962	70	20	0	40	-7.14	0.05	-0.39
963	70	40	0	40	-6.95	0.92	0
964	70	70	0	40	-5.7	0.07	0.54
965	70	100	0	40	-3.75	-1.87	0.83
966	100	0	0	40	-3.83	0.64	1.95
967	100	20	0	40	-4.24	1.52	1.95
968	100	40	0	40	-4.41	1.78	1.93
969	100	70	0	40	-3.88	0.86	2.07
970	100	100	0	40	-3.15	-0.54	1.91
971	0	0	20	40	-7.69	-0.47	3.72
972	0	20	20	40	-8.68	2.01	2.38
973	0	40	20	40	-8.57	3.35	2.17
974	0	70	20	40	-6.48	2.08	2.29
975	0	100	20	40	-3.39	-1.71	1.83
976	20	0	20	40	-8.43	-1.83	1.79
977	20	20	20	40	-8.92	0.31	1.07
978	20	40	20	40	-8.71	1.56	0.95
979	20	70	20	40	-6.75	0.4	1.03
980	20	100	20	40	-4.01	-2.77	0.74
981	40	0	20	40	-8.35	-2.73	1.03
982	40	20	20	40	-8.61	-0.87	0.65
983	40	40	20	40	-8.39	0.33	0.47
984	40	70	20	40	-6.58	-0.68	0.48
985	40	100	20	40	-4.15	-3.19	0.4
986	70	0	20	40	-6.71	-2.41	1.76
987	70	20	20	40	-6.9	-0.9	1.52
988	70	40	20	40	-6.76	0.09	1.34
989	70	70	20	40	-5.45	-0.73	1.39
990	70	100	20	40	-3.6	-2.44	1.44
991	100	0	20	40	-3.86	-0.51	3.95
992	100	20	20	40	-4.24	0.49	3.52
993	100	40	20	40	-4.26	0.99	3.19
994	100	70	20	40	-3.7	0.19	2.93
995	100	100	20	40	-3.03	-0.98	2.71
996	0	0	40	40	-7.13	-0.46	4.78
997	0	20	40	40	-7.93	1.78	3.28
998	0	40	40	40	-7.94	3.26	2.65
999	0	70	40	40	-6.04	1.73	2.49
1000	0	100	40	40	-3.38	-1.84	1.82
1001	20	0	40	40	-7.91	-1.74	2.88
1002	20	20	40	40	-8.46	0.19	1.75
1003	20	40	40	40	-8.28	1.39	1.23
1004	20	70	40	40	-6.37	-0.03	1.14
1005	20	100	40	40	-3.96	-2.88	0.74
1006	40	0	40	40	-7.88	-2.68	1.9
1007	40	20	40	40	-8.16	-1.2	1.02
1008	40	40	40	40	-7.93	-0.02	0.57
1009	40	70	40	40	-6.23	-1.12	0.76
1010	40	100	40	40	-4.1	-3.44	0.32
1011	70	0	40	40	-6.37	-2.53	2.68
1012	70	20	40	40	-6.57	-1.07	1.96
1013	70	40	40	40	-6.52	-0.08	1.47
1014	70	70	40	40	-5.13	-1.01	1.51
1015	70	100	40	40	-3.4	-2.73	1.45
1016	100	0	40	40	-3.73	-0.55	4.48
1017	100	20	40	40	-4.1	0.47	3.84
1018	100	40	40	40	-4.11	0.94	3.32
1019	100	70	40	40	-3.51	0.06	3.03
1020	100	100	40	40	-2.75	-1.17	2.74
1021	0	0	70	40	-5.97	-0.13	3.62
1022	0	20	70	40	-6.88	1.92	1.81
1023	0	40	70	40	-7.03	3.09	0.98
1024	0	70	70	40	-5.42	1.3	1.22
1025	0	100	70	40	-3.26	-1.9	1.29
1026	20	0	70	40	-6.93	-1.56	1.29
1027	20	20	70	40	-7.41	0.17	0.21
1028	20	40	70	40	-7.31	1.2	-0.36
1029	20	70	70	40	-5.8	-0.42	-0.11
1030	20	100	70	40	-3.78	-2.99	0.07
1031	40	0	70	40	-6.99	-2.49	0.26
1032	40	20	70	40	-7.3	-0.99	-0.58
1033	40	40	70	40	-7.08	-0.06	-1.08
1034	40	70	70	40	-5.7	-1.38	-0.69
1035	40	100	70	40	-3.88	-3.57	-0.44
1036	70	0	70	40	-5.69	-2.07	1.02
1037	70	20	70	40	-5.91	-0.74	0.31
1038	70	40	70	40	-5.79	0.05	-0.07
1039	70	70	70	40	-4.67	-0.97	0.23
1040	70	100	70	40	-3.25	-2.61	0.55
1041	100	0	70	40	-3.48	0.31	2.91
1042	100	20	70	40	-3.74	1.07	2.27
1043	100	40	70	40	-3.77	1.61	1.85
1044	100	70	70	40	-3.18	0.54	1.96
1045	100	100	70	40	-2.52	-0.71	1.94
1046	0	0	100	40	-4.69	0.02	-0.89
1047	0	20	100	40	-5.76	1.79	-1.99
1048	0	40	100	40	-5.98	2.57	-2.02
1049	0	70	100	40	-4.74	0.75	-0.79
1050	0	100	100	40	-3.11	-1.97	0.49
1051	20	0	100	40	-5.71	-1.43	-3.06
1052	20	20	100	40	-6.43	0.16	-3.79
1053	20	40	100	40	-6.34	1.01	-3.53
1054	20	70	100	40	-5.16	-0.85	-2.13
1055	20	100	100	40	-3.7	-2.97	-0.93
1056	40	0	100	40	-6.02	-2.27	-3.96
1057	40	20	100	40	-6.31	-0.74	-4.28
1058	40	40	100	40	-6.2	-0.1	-4.03
1059	40	70	100	40	-5.05	-1.66	-2.75
1060	40	100	100	40	-3.76	-3.43	-1.6
1061	70	0	100	40	-4.99	-1.44	-2.58
1062	70	20	100	40	-5.25	-0.4	-2.89
1063	70	40	100	40	-5.13	0.09	-2.85
1064	70	70	100	40	-4.19	-1.05	-1.71
1065	70	100	100	40	-3.01	-2.45	-0.78
1066	100	0	100	40	-3.14	1.04	0.12
1067	100	20	100	40	-3.44	1.69	-0.14
1068	100	40	100	40	-3.45	2.02	-0.28
1069	100	70	100	40	-2.89	1.11	0.27
1070	100	100	100	40	-2.21	-0.05	0.49
1071	0	0	0	60	-8.68	-0.15	0.4
1072	0	20	0	60	-9.1	1.76	0.51
1073	0	40	0	60	-8.74	2.61	0.79
1074	0	70	0	60	-6.64	1.57	1.54
1075	0	100	0	60	-3.79	-1.32	1.55
1076	20	0	0	60	-8.84	-0.92	-0.44
1077	20	20	0	60	-9.16	0.72	-0.49
1078	20	40	0	60	-8.75	1.51	-0.13
1079	20	70	0	60	-6.89	0.55	0.53
1080	20	100	0	60	-4.25	-1.99	0.59
1081	40	0	0	60	-8.46	-1.42	-0.82
1082	40	20	0	60	-8.7	0.07	-0.81
1083	40	40	0	60	-8.34	0.92	-0.33
1084	40	70	0	60	-6.67	-0.04	0.13
1085	40	100	0	60	-4.39	-2.18	0.18
1086	70	0	0	60	-6.78	-0.82	0.02
1087	70	20	0	60	-7.06	0.39	0.07
1088	70	40	0	60	-6.86	0.98	0.31
1089	70	70	0	60	-5.73	0.16	0.74
1090	70	100	0	60	-3.93	-1.56	1
1091	100	0	0	60	-4.15	0.66	1.86
1092	100	20	0	60	-4.57	1.61	1.8
1093	100	40	0	60	-4.68	1.83	1.87
1094	100	70	0	60	-4.1	0.77	2.11
1095	100	100	0	60	-3.33	-0.82	1.91
1096	0	0	20	60	-8.17	-0.32	2.69
1097	0	20	20	60	-8.63	1.49	1.92
1098	0	40	20	60	-8.23	2.24	2
1099	0	70	20	60	-6.33	1.1	2.33
1100	0	100	20	60	-3.71	-1.59	2.03
1101	20	0	20	60	-8.42	-1.36	1.41
1102	20	20	20	60	-8.64	0.27	1
1103	20	40	20	60	-8.27	1.03	1.1
1104	20	70	20	60	-6.51	-0.02	1.31
1105	20	100	20	60	-4.18	-2.44	1.11
1106	40	0	20	60	-8.09	-1.98	1.01
1107	40	20	20	60	-8.25	-0.47	0.8
1108	40	40	20	60	-7.96	0.32	0.76
1109	40	70	20	60	-6.36	-0.65	0.89
1110	40	100	20	60	-4.23	-2.78	0.87
1111	70	0	20	60	-6.56	-1.65	1.69
1112	70	20	20	60	-6.75	-0.36	1.54
1113	70	40	20	60	-6.57	0.27	1.47
1114	70	70	20	60	-5.42	-0.56	1.6
1115	70	100	20	60	-3.72	-2.2	1.72
1116	100	0	20	60	-4.15	-0.22	3.28
1117	100	20	20	60	-4.5	0.78	3.01
1118	100	40	20	60	-4.44	1.1	2.93
1119	100	70	20	60	-3.86	0.11	2.94
1120	100	100	20	60	-3.16	-1.42	2.78
1121	0	0	40	60	-7.49	-0.31	3.36
1122	0	20	40	60	-7.87	1.31	2.53
1123	0	40	40	60	-7.62	2.16	2.31
1124	0	70	40	60	-5.91	0.78	2.41
1125	0	100	40	60	-3.68	-1.75	2.05
1126	20	0	40	60	-7.83	-1.3	2.09
1127	20	20	40	60	-8.12	0.2	1.44
1128	20	40	40	60	-7.82	0.92	1.24
1129	20	70	40	60	-6.13	-0.38	1.34
1130	20	100	40	60	-4.08	-2.56	1.14
1131	40	0	40	60	-7.59	-1.92	1.5
1132	40	20	40	60	-7.77	-0.67	0.95
1133	40	40	40	60	-7.49	0.09	0.76
1134	40	70	40	60	-5.98	-0.95	1.07
1135	40	100	40	60	-4.1	-2.96	0.82
1136	70	0	40	60	-6.22	-1.68	2.16
1137	70	20	40	60	-6.4	-0.41	1.7
1138	70	40	40	60	-6.27	0.22	1.46
1139	70	70	40	60	-5.07	-0.7	1.66
1140	70	100	40	60	-3.5	-2.41	1.73
1141	100	0	40	60	-3.99	-0.19	3.52
1142	100	20	40	60	-4.32	0.83	3.14
1143	100	40	40	60	-4.24	1.07	2.93
1144	100	70	40	60	-3.65	0.03	2.94
1145	100	100	40	60	-2.88	-1.54	2.78
1146	0	0	70	60	-6.21	-0.08	2.39
1147	0	20	70	60	-6.77	1.43	1.32
1148	0	40	70	60	-6.7	2.09	0.96
1149	0	70	70	60	-5.28	0.49	1.34
1150	0	100	70	60	-3.5	-1.73	1.47
1151	20	0	70	60	-6.77	-1.14	0.77
1152	20	20	70	60	-7.08	0.21	0.13
1153	20	40	70	60	-6.88	0.81	-0.1
1154	20	70	70	60	-5.55	-0.62	0.25
1155	20	100	70	60	-3.85	-2.6	0.45
1156	40	0	70	60	-6.67	-1.74	0.11
1157	40	20	70	60	-6.92	-0.45	-0.44
1158	40	40	70	60	-6.68	0.13	-0.7
1159	40	70	70	60	-5.46	-1.09	-0.23
1160	40	100	70	60	-3.85	-3.04	0.04
1161	70	0	70	60	-5.56	-1.27	0.72
1162	70	20	70	60	-5.77	-0.06	0.24
1163	70	40	70	60	-5.6	0.43	0.1
1164	70	70	70	60	-4.6	-0.58	0.47
1165	70	100	70	60	-3.26	-2.31	0.79
1166	100	0	70	60	-3.72	0.41	2.22
1167	100	20	70	60	-3.98	1.31	1.79
1168	100	40	70	60	-3.93	1.69	1.67
1169	100	70	70	60	-3.3	0.53	1.93
1170	100	100	70	60	-2.6	-1.03	1.96
1171	0	0	100	60	-4.86	0	-1.05
1172	0	20	100	60	-5.62	1.4	-1.73
1173	0	40	100	60	-5.66	1.82	-1.55
1174	0	70	100	60	-4.6	0.23	-0.44
1175	0	100	100	60	-3.32	-1.66	0.43
1176	20	0	100	60	-5.53	-1.04	-2.54
1177	20	20	100	60	-6.1	0.29	-3.08
1178	20	40	100	60	-5.98	0.8	-2.82
1179	20	70	100	60	-4.95	-0.86	-1.66
1180	20	100	100	60	-3.73	-2.52	-0.8
1181	40	0	100	60	-5.67	-1.52	-3.1
1182	40	20	100	60	-5.99	-0.17	-3.45
1183	40	40	100	60	-5.89	0.2	-3.27
1184	40	70	100	60	-4.87	-1.25	-2.23
1185	40	100	100	60	-3.67	-2.92	-1.32
1186	70	0	100	60	-4.85	-0.76	-2.02
1187	70	20	100	60	-5.14	0.29	-2.39
1188	70	40	100	60	-5.05	0.55	-2.36
1189	70	70	100	60	-4.19	-0.6	-1.48
1190	70	100	100	60	-2.97	-2.18	-0.71
1191	100	0	100	60	-3.47	0.95	-0.06
1192	100	20	100	60	-3.75	1.86	-0.34
1193	100	40	100	60	-3.68	2.15	-0.35
1194	100	70	100	60	-3.04	1.2	0.17
1195	100	100	100	60	-2.3	-0.15	0.3
1196	0	0	0	80	-6.97	-0.18	0.46
1197	0	40	0	80	-6.79	1.97	0.75
1198	0	70	0	80	-5.43	1.92	1.15
1199	0	100	0	80	-3.46	0.21	0.95
1200	40	0	0	80	-6.62	-1.23	-0.71
1201	40	40	0	80	-6.55	0.77	-0.42
1202	40	70	0	80	-5.43	0.65	-0.17
1203	40	100	0	80	-3.93	-0.73	-0.33
1204	70	0	0	80	-5.38	-1.16	-0.41
1205	70	40	0	80	-5.45	0.54	-0.16
1206	70	70	0	80	-4.73	0.4	0.06
1207	70	100	0	80	-3.65	-0.83	-0.02
1208	100	0	0	80	-3.33	-0.25	0.77
1209	100	40	0	80	-3.82	0.94	0.89
1210	100	70	0	80	-3.58	0.57	0.95
1211	100	100	0	80	-3.2	-0.58	0.6
1212	0	0	40	80	-5.78	-0.38	2.78
1213	0	40	40	80	-5.77	1.49	2.33
1214	0	70	40	80	-4.72	1.16	2.39
1215	0	100	40	80	-3.22	-0.33	1.97
1216	40	0	40	80	-5.74	-1.64	1.22
1217	40	40	40	80	-5.69	0.11	0.88
1218	40	70	40	80	-4.73	-0.26	1.04
1219	40	100	40	80	-3.52	-1.58	0.68
1220	70	0	40	80	-4.76	-1.85	1.42
1221	70	40	40	80	-4.81	-0.13	1.11
1222	70	70	40	80	-4.1	-0.53	1.18
1223	70	100	40	80	-3.15	-1.76	1.05
1224	100	0	40	80	-3.09	-1.2	2.33
1225	100	40	40	80	-3.36	0.26	2.02
1226	100	70	40	80	-3.13	-0.17	1.94
1227	100	100	40	80	-2.69	-1.36	1.7
1228	0	0	70	80	-4.68	-0.2	2.55
1229	0	40	70	80	-4.96	1.46	1.86
1230	0	70	70	80	-4.15	0.98	2
1231	0	100	70	80	-3	-0.32	1.81
1232	40	0	70	80	-4.91	-1.46	0.75
1233	40	40	70	80	-5.03	0.09	0.24
1234	40	70	70	80	-4.28	-0.38	0.4
1235	40	100	70	80	-3.26	-1.59	0.36
1236	70	0	70	80	-4.17	-1.56	0.88
1237	70	40	70	80	-4.29	0.01	0.47
1238	70	70	70	80	-3.71	-0.43	0.56
1239	70	100	70	80	-2.9	-1.53	0.57
1240	100	0	70	80	-2.89	-0.88	1.77
1241	100	40	70	80	-3.16	0.7	1.33
1242	100	70	70	80	-2.86	0.19	1.32
1243	100	100	70	80	-2.41	-0.87	1.16
1244	0	0	100	80	-3.62	0.06	0.68
1245	0	40	100	80	-4.13	1.41	0.33
1246	0	70	100	80	-3.58	0.89	0.67
1247	0	100	100	80	-2.85	-0.13	0.76
1248	40	0	100	80	-4.15	-1.14	-1.01
1249	40	40	100	80	-4.38	0.27	-1.33
1250	40	70	100	80	-3.76	-0.31	-0.87
1251	40	100	100	80	-3.08	-1.31	-0.58
1252	70	0	100	80	-3.65	-1.09	-0.71
1253	70	40	100	80	-3.81	0.29	-1.07
1254	70	70	100	80	-3.31	-0.15	-0.69
1255	70	100	100	80	-2.64	-1.1	-0.41
1256	100	0	100	80	-2.8	-0.54	0.32
1257	100	40	100	80	-3.03	1.03	-0.1
1258	100	70	100	80	-2.67	0.68	0.01
1259	100	100	100	80	-2.19	-0.18	-0.04
1260	0	0	0	100	-4.31	-0.55	0.92
1261	0	40	0	100	-4.73	1.92	0.55
1262	0	100	0	100	-3.36	1.34	-0.2
1263	40	0	0	100	-4.3	-2.22	-0.9
1264	40	40	0	100	-4.57	0.19	-1.03
1265	40	100	0	100	-3.38	-0.93	-1.17
1266	100	0	0	100	-2.4	-0.86	-0.06
1267	100	40	0	100	-2.76	0.32	-0.08
1268	100	100	0	100	-2.52	-1.53	-0.67
1269	0	0	40	100	-3.51	-0.73	3.27
1270	0	40	40	100	-3.78	1.34	2.24
1271	0	100	40	100	-2.89	0.88	0.55
1272	40	0	40	100	-3.52	-2.46	1.41
1273	40	40	40	100	-3.7	-0.25	0.76
1274	40	100	40	100	-2.9	-0.97	-0.23
1275	100	0	40	100	-2.17	-1.27	1.42
1276	100	40	40	100	-2.42	0.09	0.99
1277	100	100	40	100	-2.14	-1.42	0.3
1278	0	0	100	100	-2.16	-0.09	1.78
1279	0	40	100	100	-2.65	1.52	0.77
1280	0	100	100	100	-2.37	1.36	0.26
1281	40	0	100	100	-2.52	-1.66	0.44
1282	40	40	100	100	-2.82	0.29	-0.36
1283	40	100	100	100	-2.46	0.1	-0.63
1284	100	0	100	100	-1.97	-1.34	0.26
1285	100	40	100	100	-2.16	0.52	-0.24
1286	100	100	100	100	-1.67	-0.15	-0.41
1287	100	0	0	0	-0.73	-0.75	-0.31
1288	98	0	0	0	-0.89	-0.86	-0.38
1289	95	0	0	0	-1.13	-1.04	-0.59
1290	90	0	0	0	-1.63	-1.52	-1.08
1291	85	0	0	0	-2.19	-2.09	-1.68
1292	80	0	0	0	-2.82	-2.8	-2.41
1293	75	0	0	0	-3.49	-3.35	-3.17
1294	70	0	0	0	-4.04	-3.61	-3.76
1295	60	0	0	0	-4.61	-3.95	-4.47
1296	50	0	0	0	-4.82	-3.77	-4.54
1297	40	0	0	0	-4.77	-3.82	-4.48
1298	30	0	0	0	-4.95	-3.34	-4.72
1299	25	0	0	0	-4.45	-2.96	-4
1300	20	0	0	0	-3.71	-2.54	-3.13
1301	15	0	0	0	-3.28	-1.73	-2.52
1302	10	0	0	0	-2.64	-1.28	-1.75
1303	7	0	0	0	-2.23	-0.98	-1.2
1304	5	0	0	0	-1.92	-0.74	-0.82
1305	3	0	0	0	-1.61	-0.46	-0.41
1306	2	0	0	0	-1.43	-0.3	-0.18
1307	0	100	0	0	-0.68	1.66	1.27
1308	0	98	0	0	-0.81	1.82	1.33
1309	0	95	0	0	-1.05	2.15	1.38
1310	0	90	0	0	-1.57	3.01	1.41
1311	0	85	0	0	-2.23	4.15	1.48
1312	0	80	0	0	-3.08	5.62	1.5
1313	0	75	0	0	-3.93	6.9	1.47
1314	0	70	0	0	-4.55	7.69	1.39
1315	0	60	0	0	-5.29	8.3	1.19
1316	0	50	0	0	-5.55	8.11	0.64
1317	0	40	0	0	-5.75	7.84	0.22
1318	0	30	0	0	-5.7	7.11	-0.17
1319	0	25	0	0	-5.15	6.12	-0.2
1320	0	20	0	0	-4.46	5.06	-0.28
1321	0	15	0	0	-3.73	3.89	-0.28
1322	0	10	0	0	-2.97	2.75	-0.17
1323	0	7	0	0	-2.48	2.05	-0.02
1324	0	5	0	0	-2.13	1.53	0
1325	0	3	0	0	-1.74	0.98	0.1
1326	0	2	0	0	-1.53	0.67	0.16
1327	0	0	100	0	-0.04	-0.13	3.3
1328	0	0	98	0	-0.1	-0.13	3.53
1329	0	0	95	0	-0.14	-0.13	3.96
1330	0	0	90	0	-0.24	-0.13	4.93
1331	0	0	85	0	-0.34	-0.17	6.17
1332	0	0	80	0	-0.46	-0.25	7.69
1333	0	0	75	0	-0.64	-0.23	9.09
1334	0	0	70	0	-0.8	-0.2	10.03
1335	0	0	60	0	-0.94	-0.36	11.03
1336	0	0	50	0	-1.12	-0.44	10.66
1337	0	0	40	0	-1.25	-0.62	10.24
1338	0	0	30	0	-1.5	-0.9	9.6
1339	0	0	25	0	-1.44	-0.87	8.47
1340	0	0	20	0	-1.32	-0.76	7.05
1341	0	0	15	0	-1.33	-0.47	5.39
1342	0	0	10	0	-1.25	-0.34	3.98
1343	0	0	7	0	-1.2	-0.28	3.09
1344	0	0	5	0	-1.16	-0.23	2.36
1345	0	0	3	0	-1.13	-0.14	1.59
1346	0	0	2	0	-1.12	-0.09	1.19
1347	0	0	0	100	-4.31	-0.55	0.92
1348	0	0	0	98	-4.23	-0.46	0.79
1349	0	0	0	95	-4.41	-0.38	0.65
1350	0	0	0	90	-5.04	-0.28	0.53
1351	0	0	0	85	-5.99	-0.23	0.48
1352	0	0	0	80	-6.97	-0.18	0.46
1353	0	0	0	75	-7.58	-0.15	0.46
1354	0	0	0	70	-8.15	-0.14	0.45
1355	0	0	0	60	-8.68	-0.15	0.4
1356	0	0	0	50	-8.05	-0.17	0.31
1357	0	0	0	40	-8.06	-0.17	0.1
1358	0	0	0	30	-7.63	-0.18	-0.11
1359	0	0	0	25	-6.92	-0.16	-0.01
1360	0	0	0	20	-5.92	-0.15	0.07
1361	0	0	0	15	-4.76	-0.14	0.16
1362	0	0	0	10	-3.74	-0.09	0.24
1363	0	0	0	7	-3.08	-0.06	0.28
1364	0	0	0	5	-2.59	-0.04	0.31
1365	0	0	0	3	-2.03	-0.01	0.33
1366	0	0	0	2	-1.73	0	0.34
1367	0	0	0	0	-1.01	0.02	0.34
1368	100	85	85	0	-1.18	-0.53	0.76
1369	80	65	65	0	-2.56	-1.4	0.57
1370	60	45	45	0	-4.83	-1.79	-0.24
1371	40	27	27	0	-6.41	-0.82	0.39
1372	20	12	12	0	-5.25	-0.54	-0.06
1373	10	6	6	0	-3.81	-0.08	0.08
1374	5	3	3	0	-2.63	-0.03	0.19
1375	40	27	27	10	-7.41	-0.67	0.63
1376	20	12	12	10	-6.81	-0.5	0.13
1377	10	6	6	10	-5.82	-0.14	0.17
1378	60	45	45	20	-6.35	-0.71	0.43
1379	40	27	27	20	-8.28	-0.57	0.74
1380	20	12	12	20	-8.12	-0.42	0.24
1381	10	6	6	20	-7.45	-0.09	0.28
1382	80	65	65	40	-4.29	-0.34	1.23
1383	60	45	45	40	-6.75	-0.19	0.86
1384	40	27	27	40	-8.56	-0.33	1.03
1385	20	12	12	40	-8.95	-0.3	0.6
1386	10	6	6	40	-8.8	-0.06	0.67
1387	100	85	85	60	-2.77	0.13	1.05
1388	80	65	65	60	-4.3	-0.2	1.28
1389	60	45	45	60	-6.41	0.18	1.02
1390	40	27	27	60	-8.13	-0.04	1.12
1391	20	12	12	60	-8.81	-0.18	0.6
1392	10	6	6	60	-8.93	-0.01	0.58
1393	100	85	85	80	-2.47	-0.16	0.6
1394	80	65	65	80	-3.53	-0.12	1.07
1395	60	45	45	80	-4.92	-0.22	0.87
1396	40	27	27	80	-6.19	-0.06	0.98
1397	20	12	12	80	-6.84	-0.24	0.54
1398	10	6	6	80	-7.02	-0.14	0.51
1399	100	85	85	100	-1.92	-0.11	-0.09
1400	80	65	65	100	-2.6	-0.21	0.4
1401	60	45	45	100	-3.32	-0.53	0.5
1402	40	27	27	100	-3.97	-0.65	0.69
1403	20	12	12	100	-4.37	-0.78	0.63
1404	10	6	6	100	-4.43	-0.64	0.75
1405	100	0	0	70	-3.99	0.36	1.39
1406	0	100	0	70	-3.78	-0.66	1.43
1407	0	0	100	70	-4.45	0.02	-0.31
1408	100	100	0	70	-3.34	-0.69	1.52
1409	100	0	100	70	-3.33	0.31	0.11
1410	0	100	100	70	-3.25	-1.04	0.64
1411	40	40	0	70	-7.69	0.82	-0.33
1412	40	0	40	70	-6.91	-1.74	1.37
1413	0	40	40	70	-6.92	1.72	2.29
1414	3	3	0	0	-2.27	0.47	-0.69
1415	3	0	3	0	-1.69	-0.62	0.78
1416	0	3	3	0	-1.81	0.78	1.26
1417	3	3	3	0	-2.34	0.3	0.49
1418	3	0	0	3	-2.55	-0.46	-0.37
1419	0	3	0	3	-2.68	0.95	0.13
1420	3	3	0	3	-3.2	0.46	-0.65
1421	0	0	3	3	-2.08	-0.14	1.6
1422	3	0	3	3	-2.63	-0.62	0.8
1423	0	3	3	3	-2.74	0.79	1.27
1424	3	3	3	3	-3.27	0.3	0.51
1425	7	7	0	0	-3.51	0.82	-1.46
1426	7	0	7	0	-2.43	-1.32	1.38
1427	0	7	7	0	-2.58	1.63	2.35
1428	7	7	7	0	-3.62	0.53	0.77
1429	7	0	0	7	-4.04	-0.88	-0.9
1430	0	7	0	7	-4.23	1.74	0.1
1431	7	7	0	7	-5.1	0.65	-1.14
1432	0	0	7	7	-3.15	-0.24	2.74
1433	7	0	7	7	-4.19	-1.16	1.28
1434	0	7	7	7	-4.29	1.37	2.12
1435	7	7	7	7	-5.17	0.42	0.74
1436	40	3	0	0	-5.1	-3.18	-4.47
1437	3	40	0	0	-5.99	7.2	-0.25
1438	40	0	3	0	-4.88	-4.1	-3.45
1439	40	3	3	0	-5.18	-3.55	-3.45
1440	0	40	3	0	-5.69	7.73	0.74
1441	3	40	3	0	-5.95	7.06	0.21
1442	40	40	3	0	-6.59	1.46	-2.81
1443	3	0	40	0	-1.77	-1.22	9.41
1444	0	3	40	0	-1.82	0.18	9.41
1445	3	3	40	0	-2.33	-0.29	8.61
1446	40	3	40	0	-5.18	-4.81	2.82
1447	3	40	40	0	-5.18	6.04	3.28
1448	40	0	0	3	-5.32	-3.65	-4.07
1449	40	3	0	3	-5.67	-2.98	-4.08
1450	0	40	0	3	-6.23	7.33	0.28
1451	3	40	0	3	-6.49	6.7	-0.21
1452	40	40	0	3	-6.98	1.64	-2.95
1453	40	0	3	3	-5.43	-3.92	-3.04
1454	40	3	3	3	-5.74	-3.34	-3.05
1455	0	40	3	3	-6.19	7.21	0.82
1456	3	40	3	3	-6.46	6.54	0.28
1457	40	40	3	3	-6.96	1.36	-2.5
1458	0	0	40	3	-2.08	-0.59	9.54
1459	3	0	40	3	-2.59	-1.2	8.7
1460	40	0	40	3	-5.4	-5.13	3.01
1461	0	3	40	3	-2.64	0.21	8.75
1462	3	3	40	3	-3.15	-0.27	7.95
1463	40	3	40	3	-5.66	-4.48	2.66
1464	0	40	40	3	-5.37	6.25	3.72
1465	3	40	40	3	-5.67	5.57	3.06
1466	40	40	40	3	-6.34	-0.05	-0.12
1467	3	0	0	40	-8.23	-0.2	0.51
1468	0	3	0	40	-8.28	0.45	0.75
1469	3	3	0	40	-8.46	0.21	0.36
1470	40	3	0	40	-8.75	-1.68	-1.48
1471	3	40	0	40	-9.15	3.48	0.54
1472	0	0	3	40	-8.03	-0.05	1.4
1473	3	0	3	40	-8.21	-0.27	1.01
1474	40	0	3	40	-8.64	-2.14	-0.98
1475	0	3	3	40	-8.25	0.35	1.24
1476	3	3	3	40	-8.44	0.13	0.86
1477	40	3	3	40	-8.73	-1.87	-0.98
1478	0	40	3	40	-9.01	3.7	1.06
1479	3	40	3	40	-9.08	3.41	0.8
1480	40	40	3	40	-8.65	0.92	-0.54
1481	3	0	40	40	-7.31	-0.74	4.43
1482	0	3	40	40	-7.33	-0.09	4.47
1483	3	3	40	40	-7.51	-0.27	4.12
1484	40	3	40	40	-7.98	-2.37	1.76
1485	3	40	40	40	-8.05	2.94	2.32
1486	0	0	0	10	-3.74	-0.09	0.24
1487	0	0	10	10	-3.83	-0.33	3.3
1488	0	0	20	10	-3.8	-0.64	5.7
1489	0	0	40	10	-3.58	-0.57	8.2
1490	0	0	70	10	-2.91	-0.26	7.73
1491	0	10	0	10	-5.19	2.17	-0.06
1492	0	10	10	10	-5.21	1.75	2.46
1493	0	10	20	10	-5.17	1.78	4.18
1494	0	10	40	10	-4.79	1.41	6.26
1495	0	10	70	10	-4.06	1.62	5.59
1496	0	20	0	10	-6.25	3.99	-0.08
1497	0	20	10	10	-6.17	3.55	1.9
1498	0	20	20	10	-6.17	3.5	3.15
1499	0	20	40	10	-5.59	3.14	4.96
1500	0	20	70	10	-4.81	3.19	4.11
1501	0	40	0	10	-7.18	6.4	0.33
1502	0	40	10	10	-7	6.03	1.61
1503	0	40	20	10	-6.77	5.73	2.49
1504	0	40	40	10	-6.23	5.44	3.31
1505	0	40	70	10	-5.45	5.06	2.21
1506	0	70	0	10	-5.63	5.87	1.34
1507	0	70	10	10	-5.4	5.52	1.9
1508	0	70	20	10	-5.26	5.2	2.11
1509	0	70	40	10	-4.8	4.66	2.3
1510	0	70	70	10	-4.16	4.02	1.58
1511	10	0	0	10	-4.94	-1.11	-1.33
1512	10	0	10	10	-5.06	-1.56	1.53
1513	10	0	20	10	-5.01	-1.9	3.73
1514	10	0	40	10	-4.76	-1.96	6.16
1515	10	0	70	10	-4.08	-1.53	5.46
1516	10	10	0	10	-6.18	0.78	-1.54
1517	10	10	10	10	-6.22	0.43	0.85
1518	10	10	20	10	-6.08	0.16	2.58
1519	10	10	40	10	-5.8	-0.02	4.56
1520	10	10	70	10	-5.04	0.11	3.67
1521	10	20	0	10	-6.95	2.5	-1.39
1522	10	20	10	10	-6.89	1.97	0.57
1523	10	20	20	10	-6.78	1.81	1.82
1524	10	20	40	10	-6.44	1.46	3.39
1525	10	20	70	10	-5.61	1.42	2.47
1526	10	40	0	10	-7.64	4.77	-0.82
1527	10	40	10	10	-7.42	4.35	0.44
1528	10	40	20	10	-7.23	3.99	1.28
1529	10	40	40	10	-6.83	3.72	1.85
1530	10	40	70	10	-6	3.27	0.86
1531	10	70	0	10	-6.03	4.3	0.08
1532	10	70	10	10	-5.83	3.93	0.63
1533	10	70	20	10	-5.67	3.61	0.92
1534	10	70	40	10	-5.23	3.02	1.1
1535	10	70	70	10	-4.65	2.37	0.37
1536	20	0	0	10	-5.71	-2.17	-2.36
1537	20	0	10	10	-5.86	-2.63	0.33
1538	20	0	20	10	-5.79	-3.01	2.38
1539	20	0	40	10	-5.59	-2.94	4.56
1540	20	0	70	10	-4.94	-2.77	3.54
1541	20	10	0	10	-6.78	-0.17	-2.6
1542	20	10	10	10	-6.74	-0.79	-0.17
1543	20	10	20	10	-6.65	-1.05	1.44
1544	20	10	40	10	-6.43	-1.32	3.11
1545	20	10	70	10	-5.68	-1.12	2.21
1546	20	20	0	10	-7.42	1.34	-2.38
1547	20	20	10	10	-7.28	0.8	-0.43
1548	20	20	20	10	-7.17	0.48	0.88
1549	20	20	40	10	-6.92	0.25	2.29
1550	20	20	70	10	-6.03	0.09	1.27
1551	20	40	0	10	-7.78	3.35	-1.72
1552	20	40	10	10	-7.65	2.8	-0.43
1553	20	40	20	10	-7.45	2.49	0.41
1554	20	40	40	10	-7.1	2.23	0.99
1555	20	40	70	10	-6.2	1.73	-0.08
1556	20	70	0	10	-6.2	3.08	-0.73
1557	20	70	10	10	-6.05	2.67	-0.16
1558	20	70	20	10	-5.8	2.27	0.1
1559	20	70	40	10	-5.39	1.69	0.27
1560	20	70	70	10	-4.85	0.99	-0.54
1561	40	0	0	10	-6.36	-3.28	-3.4
1562	40	0	10	10	-6.53	-3.95	-0.88
1563	40	0	20	10	-6.45	-4.5	0.89
1564	40	0	40	10	-6.24	-4.52	2.68
1565	40	0	70	10	-5.53	-4.38	1.57
1566	40	10	0	10	-7.06	-1.67	-3.36
1567	40	10	10	10	-7.1	-2.43	-1.15
1568	40	10	20	10	-7.09	-2.75	0.23
1569	40	10	40	10	-6.76	-3.02	1.76
1570	40	10	70	10	-5.94	-3.05	0.68
1571	40	20	0	10	-7.46	-0.43	-3.19
1572	40	20	10	10	-7.41	-1.07	-1.43
1573	40	20	20	10	-7.29	-1.51	0.01
1574	40	20	40	10	-6.94	-1.93	0.98
1575	40	20	70	10	-6.18	-1.95	-0.12
1576	40	40	0	10	-7.58	1.43	-2.37
1577	40	40	10	10	-7.49	0.75	-1.29
1578	40	40	20	10	-7.35	0.39	-0.42
1579	40	40	40	10	-6.92	-0.09	0.01
1580	40	40	70	10	-6.13	-0.46	-1.14
1581	40	70	0	10	-5.95	1.26	-1.62
1582	40	70	10	10	-5.85	0.9	-1.02
1583	40	70	20	10	-5.68	0.46	-0.76
1584	40	70	40	10	-5.28	-0.1	-0.38
1585	40	70	70	10	-4.79	-0.74	-1.3
1586	70	0	0	10	-5.25	-2.96	-2.55
1587	70	0	10	10	-5.3	-4.1	-0.24
1588	70	0	20	10	-5.3	-4.74	1.28
1589	70	0	40	10	-5.1	-5.05	2.91
1590	70	0	70	10	-4.5	-4.74	1.83
1591	70	10	0	10	-5.61	-1.85	-2.33
1592	70	10	10	10	-5.65	-2.85	-0.34
1593	70	10	20	10	-5.6	-3.51	0.9
1594	70	10	40	10	-5.31	-3.98	2.17
1595	70	10	70	10	-4.76	-3.69	1.13
1596	70	20	0	10	-5.81	-0.97	-2.19
1597	70	20	10	10	-5.82	-1.85	-0.45
1598	70	20	20	10	-5.66	-2.51	0.74
1599	70	20	40	10	-5.38	-2.97	1.7
1600	70	20	70	10	-4.77	-2.85	0.66
1601	70	40	0	10	-5.75	0.29	-1.72
1602	70	40	10	10	-5.73	-0.44	-0.52
1603	70	40	20	10	-5.57	-1.02	0.33
1604	70	40	40	10	-5.29	-1.55	0.87
1605	70	40	70	10	-4.6	-1.72	0
1606	70	70	0	10	-4.81	0.41	-1.13
1607	70	70	10	10	-4.66	-0.16	-0.49
1608	70	70	20	10	-4.48	-0.71	-0.05
1609	70	70	40	10	-4.15	-1.27	0.29
1610	70	70	70	10	-3.72	-1.61	-0.35
1611	50	40	40	0	-5.61	-0.89	-0.28
1612	100	0	0	10	-1.91	-0.24	0.66
1613	0	100	0	10	-1.77	0.25	1.17
1614	0	0	100	10	-1.94	-0.23	1.49
1615	0	100	100	10	-1.62	-0.17	1.79
1616	100	0	100	10	-1.47	-0.73	1.07
1617	100	100	0	10	-2.18	0.17	0.55
